{
  "camera_angle_x": 0.77626327125492,
  "camera_angle_y": 0.77626327125492,
  "fl_x": 2347.92,
  "fl_y": 2347.92,
  "k1": 0.033225,
  "k2": 0,
  "p1": 0,
  "p2": 0,
  "cx": 960.0,
  "cy": 960.0,
  "w": 1920.0,
  "h": 1920.0,
  "aabb_scale": 16,
  "frames": [
    {
      "file_path": "./frame_1.jpg",
      "sharpness": 3.868314338848915,
      "transform_matrix": [
        [
          0.6018493880759705,
          -0.10746146805780118,
          0.7913463157832958,
          0.8250062575521642
        ],
        [
          0.7979256851071601,
          0.039921838001656204,
          -0.6014320397214833,
          -0.7053763447851571
        ],
        [
          0.033038809732898244,
          0.99340740643773,
          0.1097731919117041,
          0.17488440785623713
        ],
        [
          0.0,
          0.0,
          0.0,
          1.0
        ]
      ]
    },
    {
      "file_path": "./frame_10.jpg",
      "sharpness": 5.007180447006226,
      "transform_matrix": [
        [
          0.32829018973158636,
          -0.09133232066239545,
          0.9401511022507261,
          0.9588295493058155
        ],
        [
          0.9443880750144055,
          0.011831244417837627,
          -0.32862032693802595,
          -0.3614169530985284
        ],
        [
          0.018890479307411168,
          0.9957501859130173,
          0.09013724604052134,
          0.1050480708792616
        ],
        [
          0.0,
          0.0,
          0.0,
          1.0
        ]
      ]
    },
    {
      "file_path": "./frame_11.jpg",
      "sharpness": 4.875154622385237,
      "transform_matrix": [
        [
          0.2806118601223855,
          -0.0870724565614444,
          0.9558636968463202,
          0.9604965382144457
        ],
        [
          0.9597645846007067,
          0.014624288523518367,
          -0.28042486891745877,
          -0.28955672501112584
        ],
        [
          0.010438449969186914,
          0.9960946333797915,
          0.08767281142061317,
          0.10581813472507848
        ],
        [
          0.0,
          0.0,
          0.0,
          1.0
        ]
      ]
    },
    {
      "file_path": "./frame_12.jpg",
      "sharpness": 4.948481707821296,
      "transform_matrix": [
        [
          0.23875850985212774,
          -0.08493195217957927,
          0.9673576882160113,
          0.950069321816843
        ],
        [
          0.9710664281827341,
          0.01582229193738778,
          -0.23828472030530984,
          -0.24674723234225546
        ],
        [
          0.004932178018315993,
          0.9962611188774364,
          0.0862522713725814,
          0.1072148072153338
        ],
        [
          0.0,
          0.0,
          0.0,
          1.0
        ]
      ]
    },
    {
      "file_path": "./frame_13.jpg",
      "sharpness": 4.670847163765447,
      "transform_matrix": [
        [
          0.18761022244333253,
          -0.08179387246089692,
          0.9788320396373416,
          0.948336299077024
        ],
        [
          0.9822405707684573,
          0.018078815750676228,
          -0.1867528118812849,
          -0.18364733452838922
        ],
        [
          -0.0024208873623950446,
          0.9964852826774828,
          0.08373303025655858,
          0.10861550738310403
        ],
        [
          0.0,
          0.0,
          0.0,
          1.0
        ]
      ]
    },
    {
      "file_path": "./frame_14.jpg",
      "sharpness": 4.585564778641127,
      "transform_matrix": [
        [
          0.14521360131344394,
          -0.07950677390322221,
          0.9862006194065973,
          0.9507324634331897
        ],
        [
          0.9893479154761611,
          0.021927282412174856,
          -0.1439092656122438,
          -0.11655602833178537
        ],
        [
          -0.010182932850243853,
          0.9965931294778201,
          0.08184399939784967,
          0.10571909223524584
        ],
        [
          0.0,
          0.0,
          0.0,
          1.0
        ]
      ]
    },
    {
      "file_path": "./frame_15.jpg",
      "sharpness": 4.709922686003981,
      "transform_matrix": [
        [
          0.10003787941842429,
          -0.07656836502484342,
          0.9920331121490519,
          0.9654079266457274
        ],
        [
          0.9948389605782736,
          0.024698467116533833,
          -0.09841451656263182,
          -0.05391993981684791
        ],
        [
          -0.016966254805296482,
          0.9967583808955603,
          0.07864397430822838,
          0.11485892139971317
        ],
        [
          0.0,
          0.0,
          0.0,
          1.0
        ]
      ]
    },
    {
      "file_path": "./frame_16.jpg",
      "sharpness": 4.232421603096194,
      "transform_matrix": [
        [
          0.06443213793393829,
          -0.07215116735615949,
          0.9953103530973797,
          0.9575613741128172
        ],
        [
          0.997706489122245,
          0.02538885905265304,
          -0.06274678697830835,
          0.00021735743878970276
        ],
        [
          -0.020742536936293902,
          0.9970705157688399,
          0.07362154582759918,
          0.10467339551550493
        ],
        [
          0.0,
          0.0,
          0.0,
          1.0
        ]
      ]
    },
    {
      "file_path": "./frame_17.jpg",
      "sharpness": 2.576138776556653,
      "transform_matrix": [
        [
          0.021913791237847795,
          -0.07025467492745542,
          0.9972883568101915,
          0.958740024755487
        ],
        [
          0.9994854410676338,
          0.02491024539512124,
          -0.020207248939628997,
          0.043507319428412385
        ],
        [
          -0.02342304409421741,
          0.9972180104711864,
          0.07076440268920084,
          0.10299105279462369
        ],
        [
          0.0,
          0.0,
          0.0,
          1.0
        ]
      ]
    },
    {
      "file_path": "./frame_18.jpg",
      "sharpness": 4.365328766715673,
      "transform_matrix": [
        [
          -0.009182962425420715,
          -0.07116887188004223,
          0.9974220092246258,
          0.9556442645113224
        ],
        [
          0.9996143064609369,
          0.0254902891624573,
          0.011021950175781378,
          0.06767359873893436
        ],
        [
          -0.026208995032423334,
          0.9971385242433646,
          0.07090734612034255,
          0.11302329888363662
        ],
        [
          0.0,
          0.0,
          0.0,
          1.0
        ]
      ]
    },
    {
      "file_path": "./frame_19.jpg",
      "sharpness": 3.487560218351566,
      "transform_matrix": [
        [
          -0.041170178593713885,
          -0.08005043964365893,
          0.9959402305414337,
          0.926041689478839
        ],
        [
          0.9987273078399026,
          0.02576774776726329,
          0.043356518577746805,
          0.08929166276628073
        ],
        [
          -0.02913384519219262,
          0.996457700866791,
          0.0788876973101884,
          0.10635649858396584
        ],
        [
          0.0,
          0.0,
          0.0,
          1.0
        ]
      ]
    },
    {
      "file_path": "./frame_2.jpg",
      "sharpness": 4.471878791807903,
      "transform_matrix": [
        [
          0.5848392012063728,
          -0.10990810270636003,
          0.8036685677280968,
          0.85894737177276
        ],
        [
          0.8104584972924695,
          0.038299159640254314,
          -0.584542599259118,
          -0.6929097690351902
        ],
        [
          0.0334661548686902,
          0.9932035950150564,
          0.11147480212380076,
          0.17829997752068924
        ],
        [
          0.0,
          0.0,
          0.0,
          1.0
        ]
      ]
    },
    {
      "file_path": "./frame_20.jpg",
      "sharpness": 3.7220325965333094,
      "transform_matrix": [
        [
          -0.06967058702501729,
          -0.0814348055443056,
          0.994240605355369,
          0.9232067128354217
        ],
        [
          0.997110058826558,
          0.024578550472745535,
          0.0718848055499201,
          0.09914476293640556
        ],
        [
          -0.030290918274089498,
          0.9963755652604817,
          0.07948706172254748,
          0.11841606044611651
        ],
        [
          0.0,
          0.0,
          0.0,
          1.0
        ]
      ]
    },
    {
      "file_path": "./frame_21.jpg",
      "sharpness": 4.071353077704524,
      "transform_matrix": [
        [
          -0.10324839669455026,
          -0.08892912814817532,
          0.9906721847493372,
          0.9278961769803626
        ],
        [
          0.9941779718843827,
          0.021635720073731775,
          0.10555593356319116,
          0.11127855092299092
        ],
        [
          -0.03082090377396283,
          0.9958029450433884,
          0.08617752690525915,
          0.11935872086321435
        ],
        [
          0.0,
          0.0,
          0.0,
          1.0
        ]
      ]
    },
    {
      "file_path": "./frame_22.jpg",
      "sharpness": 4.5304286016947,
      "transform_matrix": [
        [
          -0.13173808544124704,
          -0.10072035674852066,
          0.9861543934348583,
          0.9442814301112158
        ],
        [
          0.9906892804270818,
          0.021093954747916352,
          0.1344983104213736,
          0.15164453753301269
        ],
        [
          -0.034348613432024784,
          0.9946911355631343,
          0.09700370050908162,
          0.12040020918700439
        ],
        [
          0.0,
          0.0,
          0.0,
          1.0
        ]
      ]
    },
    {
      "file_path": "./frame_23.jpg",
      "sharpness": 3.752353239721646,
      "transform_matrix": [
        [
          -0.1694723263989755,
          -0.10734125333132005,
          0.9796718779652486,
          0.9842212466355881
        ],
        [
          0.9848744998178511,
          0.017939971296162427,
          0.17233797919205351,
          0.2029541358482682
        ],
        [
          -0.0360742589615252,
          0.9940603670594046,
          0.10267733444137028,
          0.13353329692721033
        ],
        [
          0.0,
          0.0,
          0.0,
          1.0
        ]
      ]
    },
    {
      "file_path": "./frame_24.jpg",
      "sharpness": 4.026348468191753,
      "transform_matrix": [
        [
          -0.20087344460869186,
          -0.12647145647584088,
          0.9714189640290326,
          1.0160879583514422
        ],
        [
          0.9788680981696365,
          0.012858762957711713,
          0.2040879170297597,
          0.24887761130657107
        ],
        [
          -0.03830255370555611,
          0.9918868970885686,
          0.12121589084286977,
          0.17729881673083203
        ],
        [
          0.0,
          0.0,
          0.0,
          1.0
        ]
      ]
    },
    {
      "file_path": "./frame_25.jpg",
      "sharpness": 2.9707028495993875,
      "transform_matrix": [
        [
          -0.23341724090286786,
          -0.1422320479203251,
          0.961918086963281,
          0.9980350262396551
        ],
        [
          0.9717959985562635,
          5.986381575575489e-05,
          0.23582304730380016,
          0.2799871813035014
        ],
        [
          -0.033599192099100894,
          0.989833336327718,
          0.13820656357141373,
          0.2559788871894907
        ],
        [
          0.0,
          0.0,
          0.0,
          1.0
        ]
      ]
    },
    {
      "file_path": "./frame_26.jpg",
      "sharpness": 4.355797525794122,
      "transform_matrix": [
        [
          -0.27034497620002884,
          -0.15734525031043764,
          0.9498189460813794,
          0.9909429449137609
        ],
        [
          0.9623139466011823,
          -0.014016860436907055,
          0.2715793935376543,
          0.29551161388077546
        ],
        [
          -0.029418263290660347,
          0.9874441712898121,
          0.1552049195076328,
          0.2999141120364829
        ],
        [
          0.0,
          0.0,
          0.0,
          1.0
        ]
      ]
    },
    {
      "file_path": "./frame_27.jpg",
      "sharpness": 2.688236762077425,
      "transform_matrix": [
        [
          -0.3124999608051952,
          -0.1647152682346864,
          0.9355279979363118,
          0.9581770250920477
        ],
        [
          0.9496889591093913,
          -0.032559593561625716,
          0.3114975714870842,
          0.29502848238879087
        ],
        [
          -0.02084800279790528,
          0.9858036056842016,
          0.1666031455880898,
          0.27356796212150486
        ],
        [
          0.0,
          0.0,
          0.0,
          1.0
        ]
      ]
    },
    {
      "file_path": "./frame_28.jpg",
      "sharpness": 4.542855902530234,
      "transform_matrix": [
        [
          -0.35793510259878025,
          -0.1726871861787274,
          0.9176391666885643,
          0.8930792971951103
        ],
        [
          0.933599127228207,
          -0.04872737880438342,
          0.3549906316792489,
          0.3193819291005006
        ],
        [
          -0.016588165623172932,
          0.9837706981807529,
          0.1786618403164549,
          0.24614296607582653
        ],
        [
          0.0,
          0.0,
          0.0,
          1.0
        ]
      ]
    },
    {
      "file_path": "./frame_29.jpg",
      "sharpness": 4.449073350333872,
      "transform_matrix": [
        [
          -0.41353600311987804,
          -0.17578902747823255,
          0.8933566132484285,
          0.8378862620406995
        ],
        [
          0.9104348784310499,
          -0.06926910414696312,
          0.4078112139344035,
          0.3674612174166851
        ],
        [
          -0.009806779992500958,
          0.9819877710170494,
          0.188689752340794,
          0.2377242419664009
        ],
        [
          0.0,
          0.0,
          0.0,
          1.0
        ]
      ]
    },
    {
      "file_path": "./frame_3.jpg",
      "sharpness": 4.649029928626544,
      "transform_matrix": [
        [
          0.5581916540058648,
          -0.11084125489819201,
          0.8222752462311111,
          0.8850085030667313
        ],
        [
          0.8290429558784387,
          0.03471158744854059,
          -0.5581067679202916,
          -0.6558539435186799
        ],
        [
          0.033318740252106294,
          0.993231758739306,
          0.11126788823995053,
          0.16882765410638248
        ],
        [
          0.0,
          0.0,
          0.0,
          1.0
        ]
      ]
    },
    {
      "file_path": "./frame_30.jpg",
      "sharpness": 4.446263834305089,
      "transform_matrix": [
        [
          -0.46307898831510186,
          -0.17677311681152516,
          0.8685097717069666,
          0.8096923756592984
        ],
        [
          0.8863079588760525,
          -0.08791575479268696,
          0.45467474164374716,
          0.4205949982598249
        ],
        [
          -0.004018542357470626,
          0.9803173476856847,
          0.19738734234913322,
          0.2441225615163544
        ],
        [
          0.0,
          0.0,
          0.0,
          1.0
        ]
      ]
    },
    {
      "file_path": "./frame_31.jpg",
      "sharpness": 4.069193521958735,
      "transform_matrix": [
        [
          -0.5253309876086409,
          -0.1727686970831642,
          0.8331736009240166,
          0.7617302956309859
        ],
        [
          0.8508937979044535,
          -0.10971386436242761,
          0.5137533806659855,
          0.4630023586484538
        ],
        [
          0.002650167822237655,
          0.9788328938807165,
          0.2046439191234309,
          0.229293817884905
        ],
        [
          0.0,
          0.0,
          0.0,
          1.0
        ]
      ]
    },
    {
      "file_path": "./frame_32.jpg",
      "sharpness": 3.920422091814912,
      "transform_matrix": [
        [
          -0.5857198470694319,
          -0.16644104598046416,
          0.793239867672175,
          0.709901331893216
        ],
        [
          0.8104877072023136,
          -0.128081680068366,
          0.5715808035926475,
          0.5237140491226043
        ],
        [
          0.006464944949160511,
          0.9776975214766814,
          0.20991842961407206,
          0.2270086299223661
        ],
        [
          0.0,
          0.0,
          0.0,
          1.0
        ]
      ]
    },
    {
      "file_path": "./frame_33.jpg",
      "sharpness": 2.688637963426775,
      "transform_matrix": [
        [
          -0.6564257537150174,
          -0.15824544495225498,
          0.7376066160421105,
          0.6457718178529237
        ],
        [
          0.7543245668417261,
          -0.15061815293429737,
          0.6389902452517859,
          0.5993140030463384
        ],
        [
          0.009979627234809541,
          0.9758445275450627,
          0.21823807674012013,
          0.2595517987528958
        ],
        [
          0.0,
          0.0,
          0.0,
          1.0
        ]
      ]
    },
    {
      "file_path": "./frame_34.jpg",
      "sharpness": 4.23030110584777,
      "transform_matrix": [
        [
          -0.7131428972864338,
          -0.14890946734363544,
          0.6850206416435678,
          0.6022794462723554
        ],
        [
          0.700914192842587,
          -0.16833982457350335,
          0.6930953011890271,
          0.651679169272192
        ],
        [
          0.012107826911584654,
          0.9744165861715208,
          0.22442309169033983,
          0.2635954899849841
        ],
        [
          0.0,
          0.0,
          0.0,
          1.0
        ]
      ]
    },
    {
      "file_path": "./frame_35.jpg",
      "sharpness": 4.154482944358717,
      "transform_matrix": [
        [
          -0.777763346546209,
          -0.137988522760976,
          0.6132239209781236,
          0.563005315461928
        ],
        [
          0.6284568520959417,
          -0.18816608527167178,
          0.7547421672580283,
          0.7654236320487159
        ],
        [
          0.011242240075438573,
          0.9723953472467123,
          0.23306847649985446,
          0.29259430509310763
        ],
        [
          0.0,
          0.0,
          0.0,
          1.0
        ]
      ]
    },
    {
      "file_path": "./frame_36.jpg",
      "sharpness": 3.6817800557168914,
      "transform_matrix": [
        [
          -0.8239010291651242,
          -0.12355950175356704,
          0.5531013384950234,
          0.5197958221774902
        ],
        [
          0.5666116951481105,
          -0.19990547725925595,
          0.799368454665499,
          0.8103488554609989
        ],
        [
          0.011798614929067676,
          0.9719932716891208,
          0.23471242475926052,
          0.28579452792651483
        ],
        [
          0.0,
          0.0,
          0.0,
          1.0
        ]
      ]
    },
    {
      "file_path": "./frame_37.jpg",
      "sharpness": 3.7505669477250883,
      "transform_matrix": [
        [
          -0.8740274738232532,
          -0.10935529277998877,
          0.4734110549494971,
          0.45392390605938243
        ],
        [
          0.48580265944581325,
          -0.21374471867036468,
          0.8475314745569742,
          0.8767657375013885
        ],
        [
          0.008507182011877668,
          0.9707495338717498,
          0.2399437425717704,
          0.28620452992125234
        ],
        [
          0.0,
          0.0,
          0.0,
          1.0
        ]
      ]
    },
    {
      "file_path": "./frame_38.jpg",
      "sharpness": 3.4903447807358363,
      "transform_matrix": [
        [
          -0.9093494296418257,
          -0.09647608464770978,
          0.4046919515730313,
          0.37820429929013893
        ],
        [
          0.4159956976300837,
          -0.22383064477456663,
          0.8813892549389668,
          0.9504486407637341
        ],
        [
          0.005549402386541854,
          0.9698413182451325,
          0.24367397195362153,
          0.2950764451373388
        ],
        [
          0.0,
          0.0,
          0.0,
          1.0
        ]
      ]
    },
    {
      "file_path": "./frame_39.jpg",
      "sharpness": 3.521913749730071,
      "transform_matrix": [
        [
          -0.9419431039671973,
          -0.08047048034104698,
          0.3259847295715561,
          0.30589786940877284
        ],
        [
          0.33576099849811886,
          -0.2328887356219984,
          0.9127024389140257,
          1.0030669179637948
        ],
        [
          0.0024722860985706852,
          0.9691683266942136,
          0.24638705405795153,
          0.2948557324306224
        ],
        [
          0.0,
          0.0,
          0.0,
          1.0
        ]
      ]
    },
    {
      "file_path": "./frame_4.jpg",
      "sharpness": 4.66641057987449,
      "transform_matrix": [
        [
          0.5361580753098004,
          -0.10903644389893813,
          0.8370455494313602,
          0.9096029722579845
        ],
        [
          0.8435115955334133,
          0.031644773313361726,
          -0.536177659288697,
          -0.6054356626012624
        ],
        [
          0.03197482827081536,
          0.9935339233534258,
          0.10894009515470222,
          0.16072303509858002
        ],
        [
          0.0,
          0.0,
          0.0,
          1.0
        ]
      ]
    },
    {
      "file_path": "./frame_40.jpg",
      "sharpness": 3.9524858782544525,
      "transform_matrix": [
        [
          -0.9642553132300966,
          -0.06498380653753216,
          0.2568833510419566,
          0.25114209850175045
        ],
        [
          0.26497473333518673,
          -0.23861008090088265,
          0.9342664934141893,
          1.024351232574537
        ],
        [
          0.0005828060691450889,
          0.968938774027309,
          0.24730006352920808,
          0.29215578592615793
        ],
        [
          0.0,
          0.0,
          0.0,
          1.0
        ]
      ]
    },
    {
      "file_path": "./frame_41.jpg",
      "sharpness": 3.984091253821056,
      "transform_matrix": [
        [
          -0.9822609762692375,
          -0.048818502316978866,
          0.1810526762742079,
          0.1763524397577761
        ],
        [
          0.1875066960447159,
          -0.24471298912293027,
          0.9512921396455962,
          1.0376973754224854
        ],
        [
          -0.002134724593653262,
          0.9683657903981958,
          0.2495258246371583,
          0.29507195597895197
        ],
        [
          0.0,
          0.0,
          0.0,
          1.0
        ]
      ]
    },
    {
      "file_path": "./frame_42.jpg",
      "sharpness": 4.122930768043611,
      "transform_matrix": [
        [
          -0.9933691311223651,
          -0.03183340893506738,
          0.11047112705204672,
          0.11007148776455386
        ],
        [
          0.114922094877797,
          -0.24832417182137534,
          0.9618354753633208,
          1.0394441760696866
        ],
        [
          -0.003185927853665175,
          0.9681537663326929,
          0.25033601245824005,
          0.3090832245745457
        ],
        [
          0.0,
          0.0,
          0.0,
          1.0
        ]
      ]
    },
    {
      "file_path": "./frame_43.jpg",
      "sharpness": 3.391246740265835,
      "transform_matrix": [
        [
          -0.9991404108272441,
          -0.01542057089754904,
          0.038469317710569974,
          0.013999432035566684
        ],
        [
          0.04112367741355866,
          -0.25352408033462026,
          0.966454149028565,
          1.0297452266839977
        ],
        [
          -0.005150481035683347,
          0.9672061379487189,
          0.253940422910917,
          0.3031044344392084
        ],
        [
          0.0,
          0.0,
          0.0,
          1.0
        ]
      ]
    },
    {
      "file_path": "./frame_44.jpg",
      "sharpness": 4.172709685811215,
      "transform_matrix": [
        [
          -0.9996648950572756,
          0.000553178604855634,
          -0.02584321591069037,
          -0.0687965704649805
        ],
        [
          -0.025111154771622582,
          -0.25796636675180334,
          0.965826511199359,
          1.0139878106602607
        ],
        [
          -0.006132661839162317,
          0.966153696439143,
          0.25789411411305585,
          0.29463674603405693
        ],
        [
          0.0,
          0.0,
          0.0,
          1.0
        ]
      ]
    },
    {
      "file_path": "./frame_45.jpg",
      "sharpness": 3.809930004811878,
      "transform_matrix": [
        [
          -0.9946365113801079,
          0.023757005816665764,
          -0.10066323145932748,
          -0.12521310215223727
        ],
        [
          -0.10335813799273531,
          -0.26423159609550445,
          0.9589045954898772,
          0.9740723266667533
        ],
        [
          -0.0038177969869183435,
          0.9641666024171677,
          0.26526999057437195,
          0.3052693145081128
        ],
        [
          0.0,
          0.0,
          0.0,
          1.0
        ]
      ]
    },
    {
      "file_path": "./frame_46.jpg",
      "sharpness": 3.686781407032408,
      "transform_matrix": [
        [
          -0.9855864498698468,
          0.04648185459000985,
          -0.1626565818221904,
          -0.15704768971179453
        ],
        [
          -0.16916644305113804,
          -0.2670609256531084,
          0.9487146746557642,
          0.9510455153638496
        ],
        [
          0.0006586042237861694,
          0.9625579620489619,
          0.271075069041581,
          0.3063599984397447
        ],
        [
          0.0,
          0.0,
          0.0,
          1.0
        ]
      ]
    },
    {
      "file_path": "./frame_47.jpg",
      "sharpness": 3.3867200737952423,
      "transform_matrix": [
        [
          -0.9677188205194255,
          0.07417369189282458,
          -0.24086727947110637,
          -0.19916982753312293
        ],
        [
          -0.25198641505679237,
          -0.267124656083339,
          0.9301321099516211,
          0.9460768459373314
        ],
        [
          0.004649573964668844,
          0.9608031113286061,
          0.27719257489038057,
          0.2948776787138413
        ],
        [
          0.0,
          0.0,
          0.0,
          1.0
        ]
      ]
    },
    {
      "file_path": "./frame_48.jpg",
      "sharpness": 3.3159578409188297,
      "transform_matrix": [
        [
          -0.9439180126747493,
          0.09911642882018885,
          -0.314952022240374,
          -0.27106753738392
        ],
        [
          -0.3301127817938152,
          -0.2640471888019146,
          0.9062586229709927,
          0.9252501322248462
        ],
        [
          0.0066629282865000895,
          0.959403469862616,
          0.28195848786013444,
          0.2900360301203282
        ],
        [
          0.0,
          0.0,
          0.0,
          1.0
        ]
      ]
    },
    {
      "file_path": "./frame_49.jpg",
      "sharpness": 2.8199703793154076,
      "transform_matrix": [
        [
          -0.9075908335216306,
          0.12748606589542252,
          -0.4000355946927354,
          -0.39661116762258125
        ],
        [
          -0.419790358908525,
          -0.25836596844769383,
          0.8700720750809294,
          0.9048639579554267
        ],
        [
          0.007566707753695608,
          0.9575982569818321,
          0.2880076055828541,
          0.29726451742912374
        ],
        [
          0.0,
          0.0,
          0.0,
          1.0
        ]
      ]
    },
    {
      "file_path": "./frame_5.jpg",
      "sharpness": 4.631564394738277,
      "transform_matrix": [
        [
          0.5082647495213856,
          -0.10948670759422532,
          0.8542126855118081,
          0.9272313283185414
        ],
        [
          0.8605936118074508,
          0.027334443637818336,
          -0.5085579379218421,
          -0.5680514396943321
        ],
        [
          0.032330943834704945,
          0.993612340657028,
          0.10811668370768775,
          0.14815981417407711
        ],
        [
          0.0,
          0.0,
          0.0,
          1.0
        ]
      ]
    },
    {
      "file_path": "./frame_50.jpg",
      "sharpness": 2.931958457380458,
      "transform_matrix": [
        [
          -0.8660188055222608,
          0.15380765661092616,
          -0.4757662366184634,
          -0.49667199716917737
        ],
        [
          -0.4999334625311086,
          -0.2496743553406489,
          0.8292937398845749,
          0.8684363129916557
        ],
        [
          0.008764996068393708,
          0.9560365456766002,
          0.29311647920978195,
          0.30732654023393424
        ],
        [
          0.0,
          0.0,
          0.0,
          1.0
        ]
      ]
    },
    {
      "file_path": "./frame_51.jpg",
      "sharpness": 2.741665578163994,
      "transform_matrix": [
        [
          -0.8067694645899114,
          0.18282308024068225,
          -0.5618690597578095,
          -0.5914821288687199
        ],
        [
          -0.5907952621908723,
          -0.2350200416804545,
          0.7718319689415031,
          0.8030759551703596
        ],
        [
          0.009058049674499736,
          0.9546419368984624,
          0.29761834255382125,
          0.30566740497750733
        ],
        [
          0.0,
          0.0,
          0.0,
          1.0
        ]
      ]
    },
    {
      "file_path": "./frame_52.jpg",
      "sharpness": 2.2854703776015155,
      "transform_matrix": [
        [
          -0.7476634275725054,
          0.20491759353266867,
          -0.6316711619130856,
          -0.6642724620986247
        ],
        [
          -0.6640377843910052,
          -0.22021889525239313,
          0.7145332340615306,
          0.7519935257825009
        ],
        [
          0.007314526663776343,
          0.95368361025788,
          0.3007225894201779,
          0.311103592341911
        ],
        [
          0.0,
          0.0,
          0.0,
          1.0
        ]
      ]
    },
    {
      "file_path": "./frame_53.jpg",
      "sharpness": 2.090010809522795,
      "transform_matrix": [
        [
          -0.6765082499855518,
          0.22495025753548833,
          -0.7012376979325744,
          -0.7635547723556478
        ],
        [
          -0.7364290951704204,
          -0.2027384207075467,
          0.6454220844958771,
          0.7027514370825565
        ],
        [
          0.003020064782876874,
          0.953044871329742,
          0.30281406870516203,
          0.3114913030691492
        ],
        [
          0.0,
          0.0,
          0.0,
          1.0
        ]
      ]
    },
    {
      "file_path": "./frame_54.jpg",
      "sharpness": 2.5153821759588157,
      "transform_matrix": [
        [
          -0.6125697919281523,
          0.23868536116184616,
          -0.7535142197012114,
          -0.843649513963597
        ],
        [
          -0.7904137200278184,
          -0.18580494326193397,
          0.5837111673949705,
          0.6693092331508383
        ],
        [
          -0.0006836114838807313,
          0.9531556459947563,
          0.3024793580776674,
          0.3192926163303591
        ],
        [
          0.0,
          0.0,
          0.0,
          1.0
        ]
      ]
    },
    {
      "file_path": "./frame_55.jpg",
      "sharpness": 3.0630940406410083,
      "transform_matrix": [
        [
          -0.5399220808770236,
          0.2498758839874114,
          -0.8037688680454745,
          -0.8869250289446242
        ],
        [
          -0.8416983931607102,
          -0.1660810934359216,
          0.5137694561951194,
          0.6126952150029669
        ],
        [
          -0.0051123249613954196,
          0.9539282220298703,
          0.29999128960448374,
          0.3108173366315439
        ],
        [
          0.0,
          0.0,
          0.0,
          1.0
        ]
      ]
    },
    {
      "file_path": "./frame_56.jpg",
      "sharpness": 3.047708981736501,
      "transform_matrix": [
        [
          -0.47855184281396895,
          0.2563837302213443,
          -0.8397962127930843,
          -0.9012514046587855
        ],
        [
          -0.8780174396543263,
          -0.14920246345357893,
          0.4547814904210144,
          0.5578334330024614
        ],
        [
          -0.008700965607858102,
          0.9549900927094244,
          0.29651013305521695,
          0.29114803287016605
        ],
        [
          0.0,
          0.0,
          0.0,
          1.0
        ]
      ]
    },
    {
      "file_path": "./frame_57.jpg",
      "sharpness": 3.026388888606245,
      "transform_matrix": [
        [
          -0.4106184856913932,
          0.2590234627209457,
          -0.8742422018267914,
          -0.903767494137275
        ],
        [
          -0.9117329701198026,
          -0.12888151935896158,
          0.390041882146941,
          0.5067805485695801
        ],
        [
          -0.011643657961188391,
          0.9572337245442559,
          0.2890813450901498,
          0.2938683847894393
        ],
        [
          0.0,
          0.0,
          0.0,
          1.0
        ]
      ]
    },
    {
      "file_path": "./frame_58.jpg",
      "sharpness": 3.110439436591997,
      "transform_matrix": [
        [
          -0.35418117204301575,
          0.26104809888059943,
          -0.8980054011645293,
          -0.8704464552099133
        ],
        [
          -0.93503507711129,
          -0.11570151224439452,
          0.3351518283725355,
          0.4184078971276105
        ],
        [
          -0.01640963032383461,
          0.9583669279384741,
          0.28506775940823237,
          0.2681489104606054
        ],
        [
          0.0,
          0.0,
          0.0,
          1.0
        ]
      ]
    },
    {
      "file_path": "./frame_59.jpg",
      "sharpness": 3.160606823745697,
      "transform_matrix": [
        [
          -0.2946360540305946,
          0.2617321129894056,
          -0.9190689196041318,
          -0.85536805347684
        ],
        [
          -0.9553922450919795,
          -0.10123303163654764,
          0.2774515140284215,
          0.31608579117455443
        ],
        [
          -0.02042207791965815,
          0.9598167654849147,
          0.279883448846515,
          0.2614726713585423
        ],
        [
          0.0,
          0.0,
          0.0,
          1.0
        ]
      ]
    },
    {
      "file_path": "./frame_6.jpg",
      "sharpness": 5.046413567373415,
      "transform_matrix": [
        [
          0.47956465179416613,
          -0.10720385471848502,
          0.8709335716002279,
          0.9416426268783659
        ],
        [
          0.8768882949693199,
          0.02129248927781212,
          -0.4802226066863672,
          -0.5391362667564384
        ],
        [
          0.032937343463758595,
          0.9940090380183072,
          0.1042169408736034,
          0.14189430376043122
        ],
        [
          0.0,
          0.0,
          0.0,
          1.0
        ]
      ]
    },
    {
      "file_path": "./frame_60.jpg",
      "sharpness": 2.650848771915833,
      "transform_matrix": [
        [
          -0.24332019364912139,
          0.26090634677253144,
          -0.9341978837764808,
          -0.8827292427855631
        ],
        [
          -0.9696687465258903,
          -0.08851472685830697,
          0.2278381635868742,
          0.24480883743233656
        ],
        [
          -0.023245734655187072,
          0.9612976061707995,
          0.274529757582436,
          0.28840688420514177
        ],
        [
          0.0,
          0.0,
          0.0,
          1.0
        ]
      ]
    },
    {
      "file_path": "./frame_61.jpg",
      "sharpness": 2.6629999257722763,
      "transform_matrix": [
        [
          -0.18714873612809213,
          0.2623346287391958,
          -0.9466535476518197,
          -0.8559157793410979
        ],
        [
          -0.9820325915962659,
          -0.07367781053411156,
          0.17372556182827428,
          0.1865720568985458
        ],
        [
          -0.02417325226237616,
          0.962160094654086,
          0.27141031914838387,
          0.24731486834883565
        ],
        [
          0.0,
          0.0,
          0.0,
          1.0
        ]
      ]
    },
    {
      "file_path": "./frame_62.jpg",
      "sharpness": 3.6097680610020215,
      "transform_matrix": [
        [
          -0.13787527590864482,
          0.2616648005208261,
          -0.9552606636620484,
          -0.8422502887127566
        ],
        [
          -0.9901143622249007,
          -0.06152321408085163,
          0.12605337526307914,
          0.14165588780665003
        ],
        [
          -0.02578693625524024,
          0.9631959565594631,
          0.267560456185643,
          0.21439333200844626
        ],
        [
          0.0,
          0.0,
          0.0,
          1.0
        ]
      ]
    },
    {
      "file_path": "./frame_63.jpg",
      "sharpness": 3.41046602037218,
      "transform_matrix": [
        [
          -0.07974487937838914,
          0.2599679512783568,
          -0.9623175330516345,
          -0.8126462728751539
        ],
        [
          -0.9964783834282319,
          -0.04584322367266713,
          0.07019125934999065,
          0.1143988684724666
        ],
        [
          -0.025868344231097927,
          0.9645283858719536,
          0.262708561745028,
          0.1945562571247548
        ],
        [
          0.0,
          0.0,
          0.0,
          1.0
        ]
      ]
    },
    {
      "file_path": "./frame_64.jpg",
      "sharpness": 3.1339553482054945,
      "transform_matrix": [
        [
          -0.023597008762551483,
          0.25751433760981873,
          -0.9659878244211053,
          -0.7938033933854381
        ],
        [
          -0.9994348073756781,
          -0.029277432215881867,
          0.0166092308668769,
          0.10275243344521946
        ],
        [
          -0.024004437125526322,
          0.9658308670395682,
          0.2580592225548126,
          0.17121442596513664
        ],
        [
          0.0,
          0.0,
          0.0,
          1.0
        ]
      ]
    },
    {
      "file_path": "./frame_65.jpg",
      "sharpness": 3.9064708107415553,
      "transform_matrix": [
        [
          0.03969719554967523,
          0.2548627950719204,
          -0.9661617255467914,
          -0.7692665494264547
        ],
        [
          -0.9989182361410005,
          -0.013300350164127506,
          -0.04455156561489669,
          0.06070509699614408
        ],
        [
          -0.02420484251139702,
          0.9668857446588704,
          0.254059194999332,
          0.1558297583655837
        ],
        [
          0.0,
          0.0,
          0.0,
          1.0
        ]
      ]
    },
    {
      "file_path": "./frame_66.jpg",
      "sharpness": 3.9299319117916216,
      "transform_matrix": [
        [
          0.09764459370383252,
          0.2530253618979529,
          -0.9625206510705804,
          -0.731397459848883
        ],
        [
          -0.9948833414866092,
          -0.00043107187055216323,
          -0.10104100008289188,
          -0.002323153509397499
        ],
        [
          -0.025980793359817282,
          0.9674595749100913,
